2569
4904
7991
6448
1129
7125
7628
5039
3104
1820
1413
1082
6683
8032
3721
8018
8358
4161
5500
0356
8830
3341
3462
0049
6878
0211
1926
7721
9724
4704
0034
6684
9328
3644
1642
4942
7123
1571
8037
4467
4132
5107
5883
1615
7989
5595
8072
0722
3650
5320
6856
7619
1266
8082
2582
1273
9552
7048
7872
4298
8987
4443
7484
6602
3501
8417
9936
8920
5452
1172
3371
2893
6135
8430
1059
1563
9538
7949
2309
1421
5740
9099
6565
9192
2558
1402
0072
6760
8921
5931
9588
0271
9732
0351
9452
5591
1662
3662
1795
9363
9460
5658
1980
0906
3555
0840
5701
5105
5638
6853
4870
9777
2471
9422
4708
7706
7921
4623
7201
6018
8525
2104
6403
2172
8729
1360
4034
6061
9907
6516
3303
9896
7494
9020
3387
2371
1689
6535
9277
5747
7092
3742
4076
2490
8924
4591
4972
1089
1561
0150
6954
6021
1060
8425
0656
6130
3618
0412
4706
0690
1180
0788
5540
1660
5040
9901
1274
5279
8527
7801
3032
7191
8066
9502
3228
5287
5725
1865
5063
6938
2101
3612
8339
7479
2808
8367
1247
7108
8458
5682
6612
1972
6719
8003
8990
8541
2971
9056
8631
4517
9383
4950
3009
8734
2424
8883
9556
5460
8316
1687
0677
0832
9069
7884
6227
6057
5578
0246
0377
9742
0085
7067
2734
5267
3770
4727
4333
3324
0534
1933
0777
4844
3920
3619
0218
2993
5844
0568
5352
7720
2782
7826
1015
4135
9903
8374
0715
1783
0572
4322
4432
6915
4776
3159
0866
5345
4315
8945
0484
8041
9922
0220
2583
3548
6809
6467
7993
8411
7902
2725
7879
6028
7336
2660
2903
0700
5324
9189
8116
6564
3490
8881
1260
2033
7799
6990
7940
9929
8283
2500
5390
7186
0857
0940
2703
4594
1307
0245
4643
9863
5095
6926
8564
4257
0186
1760
7649
5622
6048
9264
5657
0029
9280
2628
8705
9551
3274
8742
8010
0173
5327
0910
8741
3218
1962
2491
1384
2306
2368
8291
7800
9213
9071
6289
4253
8505
7117
5836
7194
6956
9504
3358
4849
3115
7646
5524
9275
7573
9879
6127
7638
7854
9802
6709
1377
1027
0459
7347
1924
8719
6288
7840
2149
7165
2868
5085
7197
9439
3982
7741
9180
8303
0171
5200
8404
9993
3656
7334
3527
4433
5180
7795
2143
9438
5038
1270
9156
0657
3085
5874
0598
1375
0326
7371
6512
9676
5759
7457
3446
6844
9910
3351
3691
7052
6728
5805
1846
4078
7727
2170
3418
1548
5980
8625
5666
0105
0636
5110
1996
9595
1459
0983
0785
0528
7460
0947
2885
6491
7326
9415
3663
7411
3674
3530
2607
2010
3927
7796
9426
6385
8294
3740
2746
1317
5159
0610
4017
2773
3250
6800
7349
4884
4232
9092
3739
9855
0863
2775
3162
0979
5339
3648
1405
8081
3684
0277
9944
5547
7315
3241
8226
5647
4702
1764
3758
6666
8334
2612
3533
1084
3119
2738
4012
2502
4875
0017
7857
1157
0770
0078
2571
5262
3997
0283
2407
7736
8014
7487
0717
1302
4836
8182
8645
2118
5233
5833
7169
7377
0575
7698
7561
1090
5103
6485
6650
3328
1969
3646
1162
6328
9199
1175
9996
6552
8121
5184
7429
6052
2347
1433
7832
8328
3853
1914
2331
9364
4893
4440
5254
7625
1559
1832
1391
5868
7513
8113
5927
0885
1046
0190
7329
0659
5310
4928
2039
6362
7369
5265
7418
0847
4819
2433
1678
4035
0064
7777
7111
4960
7927
9853
6219
9851
6781
0013
0830
9301
8028
8408
0123
2534
0260
3786
3459
1319
4217
5592
3738
2985
5383
9107
9869
7591
3818
9161
9814
3585
3263
4705
1589
6503
5566
7533
8530
0163
4235
4409
2061
6263
4247
3783
2733
4659
6957
1490
1722
2047
5128
3912
7607
5609
3775
1715
8761
2338
5396
3222
4108
6848
6811
3383
9693
9287
5417
7623
0807
1857
9113
5469
5423
1477
9149
6596
2308
7609
6891
3086
0027
6569
0358
6286
6787
2990
0952
5319
4410
1540
0674
0825
1271
6128
3584
0458
0873
8168
3993
2521
8706
2105
0676
2334
9459
2720
8195
3516
1054
1246
7549
4789
7873
0812
1579
0036
6603
7043
7026
6895
1668
5998
0973
8088
3938
3290
6176
5601
4516
7161
8155
2706
9120
1468
4753
4482
0109
3439
4945
5127
8273
5892
4229
5777
7827
8806
8094
2127
6449
2550
2445
6373
7880
7310
0263
1834
5757
9673
7782
0939
6549
0416
1308
2072
2356
2093
3899
3372
7000
9473
4146
5811
4908
3433
0838
4778
7280
3346
0914
8744
4576
3181
7711
9573
4616
2121
3583
3817
9554
9094
9689
9781
3805
8782
4374
2741
3692
4826
9589
6583
0579
4634
1929
3114
9856
8100
1796
4039
6993
4758
5835
4699
4094
8469
9747
9390
8784
0316
7519
6850
5115
0429
2770
2231
3238
6114
0879
1480
3217
3307
3403
8536
3352
5964
9433
8764
2589
1710
6358
5745
3861
1234
7713
2841
7424
9970
0772
6311
5178
5561
1547
2924
4397
7128
3354
7522
5668
8952
3958
5860
9084
2049
9932
3024
0008
0001
1103
3029
4579
1815
9034
7776
1481
0649
9410
4237
3434
7180
0516
9144
9447
6297
8162
1526
8694
3847
4931
3592
5151
9227
3136
3148
5476
3890
2776
9481
1666
8503
3776
7374
3094
9325
9593
7321
3276
6936
5581
8242
3108
0312
6660
8471
3862
6774
5315
9257
4387
0794
9647
1787
7553
1819
0872
2794
6116
4383
2829
2600
9972
8933
2025
5141
4924
4223
2494
3289
6142
4538
5210
7579
7444
7636
8642
9782
8098
1967
1493
2195
1399
3706
5336
4436
5463
9050
5684
1396
4799
8418
8466
7540
5054
7345
8067
4437
7779
4483
6457
8007
0565
5779
9205
1646
7319
9847
3102
3718
0667
1022
8056
5567
0537
5323
3531
2406
3167
5214
9748
6235
6428
7842
4818
4690
7390
3466
9357
7249
8241
7833
2632
7269
8826
6243
4340
7658
0201
3610
2806
4914
0987
9166
9386
8622
3744
2343
1462
6410
4779
7250
8643
2225
3979
5869
4589
2852
5537
2370
4485
6206
2349
3311
0944
2365
7162
4493
1876
5886
7971
1534
3457
3867
6400
7242
3144
7891
1075
2415
4633
1081
2479
6600
3430
2481
2182
1813
8372
0671
9251
5125
5689
4762
0502
4721
8429
2214
3977
1708
7551
9699
6593
4472
6762
4117
3377
0432
2899
5012
3373
5821
8664
9076
6909
1682
9465
9544
3930
7598
8954
7710
5355
3884
2272
8843
7762
5391
6408
6264
8518
0958
7346
6860
4752
9010
2936
9770
2856
5727
9369
9865
0574
1063
5075
6318
1297
2926
6510
4156
7415
4072
6553
1772
5239
9557
7819
4362
3532
0804
3005
3003
6554
0413
5109
2124
3370
8210
3552
0130
1040
0159
0177
0307
3756
1243
3318
9175
9491
0529
1890
6877
3665
3212
7408
1276
2869
0571
3903
7431
2042
0423
8747
0234
9160
8875
2160
6115
7055
5769
5699
8910
2953
7910
0562
2578
3236
1381
8489
8634
0753
9785
4209
3336
0421
6905
7445
9739
6699
3266
5644
2312
3611
5677
6797
8012
8409
2403
5278
4921
3545
2269
4792
5112
1225
7015
1296
6723
2212
0532
2685
1107
2977
3659
0535
8158
3940
4307
3330
6058
2887
6065
7325
3507
3388
2689
6295
3841
7473
4963
7647
7093
2328
9884
7440
9123
7629
7718
0487
2316
0590
7637
9081
7410
9329
9765
3248
3331
0164
1414
5975
8157
4480
7031
7717
9105
9082
0769
7574
1036
4016
9378
9150
1495
2872
8217
8929
0934
2358
8654
1261
5714
3829
7223
1343
4244
5934
7912
9062
1494
5212
6738
7732
8757
9751
1776
3929
1222
1739
2726
3312
5991
9584
8821
2315
5424
3819
5798
7387
3869
6717
2088
6942
0280
4832
6530
1525
5404
8549
1258
9580
1146
0284
8594
9809
3078
4902
0504
9314
7394
6580
2019
7435
7545
5945
5758
5541
1120
8275
0073
7951
0121
3425
9624
5992
1080
0350
9927
7943
2301
4640
1282
5492
1058
2974
5421
2018
4130
9290
1583
5171
7730
6490
6804
6734
8726
9142
2549
1218
2197
8046
1458
7179
4804
1978
8370
8042
8442
8998
7192
9783
7005
8833
7817
6103
2220
5209
7481
8174
6896
1091
0371
5371
6398
1292
9816
6935
7257
1741
8001
2005
3426
5628
1110
4907
4328
8960
5982
1279
0141
0256
5343
6618
5743
6298
0081
2135
5161
7775
2587
1259
9652
4097
5375
2599
4808
5124
6746
3481
9720
7780
0916
9969
8775
1475
2539
9446
3234
2846
0137
1912
6780
4402
2352
3844
3436
9619
4810
2898
0860
6679
2998
1418
5569
6664
9074
3551
1394
6391
1512
3067
2015
0077
3778
4109
6965
0363
4652
8534
1883
5025
4636
2440
4842
6016
1995
8923
2012
4929
8866
2564
4375
0437
7476
4532
0756
4512
2553
9003
4088
9216
8685
7454
5162
7057
8087
2213
0096
1847
6164
2658
7126
9550
6111
3907
1811
9754
3310
8663
1224
8946
6212
0810
5828
0317
3794
5449
1539
9480
5999
5454
6960
0821
2626
2825
8917
9393
1588
7979
8315
5316
7791
8712
6740
7391
4992
1112
7229
9828
8840
9423
9653
4488
7042
2004
6686
2573
3258
2994
5772
2942
0556
0597
1100
1223
6257
7168
5863
5871
1653
0107
7725
9651
2268
8968
4499
2280
5669
6482
8526
9876
3887
6315
8736
0852
2892
7303
4080
2768
1385
2024
1212
4314
4353
5631
7222
3473
9404
7642
5335
9282
8918
9083
0654
8071
9992
3124
1664
8146
6304
9518
7661
7215
9009
2464
3735
4105
2374
6587
2946
1230
4245
6681
5880
3883
6994
2951
4796
5944
6425
3452
5920
8755
9089
4473
2489
6642
4122
9640
9136
3010
9581
1957
8808
4709
3455
9261
3858
8561
0118
8192
8617
1821
8243
9177
0931
4252
2259
5587
5259
1393
9240
3496
0513
4023
8255
0349
9633
1300
9839
6525
0514
0816
7382
7378
8230
9409
8285
4392
0227
5398
1603
1265
6757
3271
8215
3822
9191
1350
1928
0003
7907
0759
4476
4683
6079
4284
2624
0754
5113
3260
9201
6384
3843
8392
3879
0399
1165
5841
1524
2478
4081
0964
7251
4941
6201
3172
7785
6680
3587
3254
2329
5218
2474
0475
3055
4768
7829
7051
6284
7731
6032
4757
8421
5309
4062
8974
8731
3961
5726
0594
0250
0591
5384
8587
9001
7456
2194
8267
1952
6218
8982
6999
2894
5268
0060
4856
7088
5891
8431
7449
3171
2473
2690
5170
8762
6267
5155
7491
1191
6912
1569
3368
9654
8413
3535
1763
2070
7244
3970
3200
2077
0618
2889
7596
4079
6771
5497
2196
7309
1125
6209
8252
8943
7771
4336
2983
0714
9658
8380
1874
7965
2824
6156
2565
1424
8135
5131
1665
5165
6461
2756
9451
6820
0961
0631
8858
4912
6514
7630
0178
1184
8399
7228
8212
0389
9380
5640
4625
2239
4521
0859
8050
4110
4404
1470
5728
4176
7070
2413
2634
9722
3802
5530
4011
7606
1211
3224
7699
3252
0241
2970
7383
1875
4938
6889
9309
7974
8970
0583
9675
1850
1580
5603
1714
8332
9207
4857
1461
6808
0237
5468
4083
1358
7284
4645
2717
8360
5735
0841
2629
8486
9757
7954
2680
9235
6125
6852
9880
7069
1147
0129
9630
5851
5221
0791
6500
9476
1537
2805
4622
9634
2514
8916
0401
7536
9258
6973
3475
8647
0633
2529
8717
2507
0588
1051
8723
9237
7158
5360
7462
4666
8909
6388
9337
6997
7311
3039
4481
8040
1510
0845
8147
7755
5707
2874
8497
1142
4503
6791
4606
9203
8057
4391
9359
5137
1587
3479
1951
0206
1496
7253
6745
0450
6174
9031
9266
0511
2737
7920
6036
8722
7897
6456
1280
9234
8055
3871
9832
5602
4866
4178
9007
6023
1945
0345
9854
4831
8739
0919
2947
3850
5801
2753
8948
5420
2796
8708
9379
9503
2552
2588
4046
2574
2910
7181
5702
3444
1116
9679
3542
9104
1784
4451
2057
3177
3765
2410
6795
3345
5051
2931
6160
8096
7955
2691
7750
2653
4566
4982
5501
6866
6615
0542
6407
9967
3410
5984
9470
5870
7759
0126
1150
7652
2616
0526
9349
6083
1814
6784
0376
9943
0204
6080
8566
6447
3451
2210
7301
2111
7666
9750
3854
8745
6422
3145
7232
3911
9004
0321
2566
8701
2843
2100
0444
1074
4468
7106
1096
7246
7050
7569
3925
0304
8774
7804
8485
9819
3916
7975
3567
9137
1573
5712
0251
3933
1152
6026
7210
0103
8963
7589
9032
1566
1948
4120
9586
7688
9695
2434
1885
2979
3540
4656
7313
6605
4311
7218
1098
2465
7889
3574
8848
3686
3460
5949
5188
4653
1805
6631
9412
0503
5857
5965
3898
1006
4506
0290
6625
5111
3164
9831
8582
7754
7953
0119
5357
0665
9522
9772
9553
0723
7831
7295
2363
8154
7406
5627
4901
1705
3678
7524
1199
2508
5543
1830
5247
7233
0226
9382
7199
7995
0448
0965
2548
4782
4811
7062
6474
7355
0731
0917
3741
0354
9479
5785
2957
3603
6887
1233
2469
0752
7485
7322
3969
3056
8288
7407
7945
0495
6591
6644
4665
1291
6258
4171
6412
1726
6279
2166
8053
0131
5338
5455
4295
3849
1169
9059
3028
8993
2988
4565
9178
0650
5733
9103
8130
3784
7774
0188
3700
9454
0042
6196
2609
3787
4548
9028
1919
5422
3049
5655
9641
7271
4679
4772
8437
2103
0181
6436
2601
2987
4553
9575
5285
3992
8886
0985
4838
8679
7786
5523
7514
8584
6317
2962
1647
9792
7567
7384
5443
9945
8131
3030
1144
9352
6143
6440
7530
3633
9372
5322
1703
1864
2128
7531
5648
1067
5086
8515
7682
3362
3573
0170
7552
2865
2704
6537
6521
5872
9155
5132
3487
8619
8716
4032
9558
4312
6737
5447
3428
2968
2436
0900
2227
7792
8069
7358
5936
2858
1220
2834
6855
5545
6783
0695
0120
3683
5092
3964
8795
4985
8161
4771
8550
6840
6171
9738
7744
2527
1944
0002
8295
5958
1600
4601
2185
8153
5532
7404
7976
1245
1435
5582
9125
8853
7006
2051
0172
8635
7211
0564
8737
2405
4420
0582
7734
5418
2068
9773
3179
2350
6505
2164
2354
5901
9986
7602
4330
0168
6945
9049
9506
9971
0473
0512
0071
6934
7190
8348
3091
5269
4824
7206
2722
2850
3511
7352
5013
9472
4620
5716
8836
7868
1229
8068
1704
6872
7742
2444
3782
8590
8537
0279
3396
9875
4720
0509
4044
2419
6113
1250
5508
9961
3416
4282
4064
8670
7745
9308
3598
0886
5574
7226
6197
4258
9709
6283
2901
8224
6753
6153
8979
6793
4408
9614
8084
8942
9842
7860
1034
6054
8488
9826
0482
2003
3313
3097
8448
2177
1634
4422
6763
6484
9348
1318
6611
8888
1485
9367
6462
8451
7548
5347
0889
1913
8327
2683
2692
4607
5459
6341
1009
5062
2404
2083
0225
0811
3798
6208
8608
0457
6100
2866
8457
1907
7859
9745
3812
8763
7073
1182
0604
4906
5181
7413
4953
0836
4370
8337
9542
4111
9286
5381
0699
0005
9449
3146
1316
8479
6634
6228
4735
2167
3839
9924
9858
4466
7112
7100
9058
5185
3609
6649
5526
5487
8145
6029
2364
2787
8828
3007
5475
5961
2761
0922
3943
4358
1408
5624
0693
4604
2065
7409
7477
2861
3569
2340
2056
3774
9649
4655
4874
8871
1055
7273
2011
9696
7773
1386
9628
2112
8749
4515
3111
8074
3654
7613
6754
8247
8659
6015
7143
2816
9859
8732
7529
5555
9934
8300
1983
7302
4687
0786
3110
1516
6168
5615
5626
9578
5156
9013
7399
4580
1631
6453
4155
1244
4743
5791
6927
1479
5918
8658
8637
4613
1649
5525
7515
4722
0923
6141
0747
9603
7034
7227
9795
6786
9152
8666
2095
7506
1675
5237
8837
3860
4696
1780
2831
0110
8500
8481
6571
7883
3754
6147
6342
3420
4586
2216
8499
3981
5027
3966
8017
7973
5967
1824
9087
3600
1594
5139
8432
9493
0341
4452
1521
5232
3509
3053
7039
2437
7318
6272
4896
6647
3382
2046
4588
5328
9511
4121
8831
3543
0090
8805
7923
5199
4263
0645
0194
5414
8790
0554
7061
4830
6703
1754
7497
5326
7156
5290
6796
8572
0174
2153
3707
2544
4564
1511
0846
8667
1650
6216
3661
9427
9978
2594
7354
8172
2183
8478
2519
8646
3762
8772
7697
3524
1013
9132
0135
2360
8346
1733
5610
6222
6851
0272
8769
1170
0038
5983
1623
3768
8765
9241
0782
7292
8134
1982
5353
4496
2292
3105
3419
8119
0114
0381
3729
1370
6898
2836
7568
5242
3262
6225
7016
0851
9759
9677
2161
3743
2771
7886
9796
8660
6433
1227
6903
3186
6073
5959
8570
3347
2122
4882
2006
2144
5034
7499
1680
7264
6173
3195
1845
6444
8857
0774
9926
1179
1630
2876
8750
4346
9217
8258
4106
1198
1031
5875
1313
6301
7038
8691
1950
5675
6529
1026
7172
6899
0014
9846
6401
5031
9117
7153
9632
2670
2526
2369
0766
7712
7903
9543
5067
4840
8610
0334
7333
2140
7135
7836
1349
1731
7863
1226
2297
4981
2639
1629
0822
7653
6513
8783
8177
2999
9238
8455
9029
3302
4584
1893
6886
3295
9468
3983
4513
6522
1478
3594
5173
8547
9797
9687
9979
3513
3453
4662
6827
0870
9343
4150
4940
4381
9488
2014
1652
8554
2064
3409
4860
3988
6376
4367
6813
5855
1248
0781
0248
0815
2417
5611
3810
9421
2029
3688
2929
6306
0258
9052
1506
7787
3036
8650
2290
3160
4430
4697
3984
3474
6837
2017
4486
3269
6344
2592
0711
3780
6131
3286
5898
8780
7812
5035
4043
9527
5952
3837
5118
2435
8930
2398
3677
3000
9244
0455
8640
2777
2645
1898
0902
6409
2633
5473
4338
1706
1999
5380
5179
9947
8083
0607
7082
8789
1215
1809
0355
7480
2884
2176
6573
0969
9495
6003
4323
6402
1769
5724
5941
9153
2891
6416
2797
8160
3088
4256
0200
5235
2426
6088
0727
4688
2902
6730
3506
7356
0560
3892
0593
1071
1621
3361
5943
3435
9500
0912
4501
9908
6296
4794
2916
7247
8133
1598
6180
0632
5819
1443
8616
5741
1331
8652
9609
1536
3385
2642
9621
1012
6082
3101
6231
4571
5354
4867
3117
4104
9712
3045
5838
9817
2965
9304
2450
7373
8218
1325
6508
3449
9297
9849
2248
4212
4056
8139
7417
2914
3468
7202
1877
3405
9917
5059
2206
6672
8585
4331
1047
4979
5536
6831
0894
3465
1353
2099
0257
1239
6577
8802
5550
6779
2271
3651
9172
5691
1143
5001
7367
1238
5362
7230
1251
9561
4748
7739
5314
5521
9700
8034
7690
2383
7256
1728
0434
0842
9279
4876
1871
0990
2246
0888
5256
5099
2390
6038
2395
6838
3265
8773
8520
8787
6776
5840
1397
6040
4405
1786
9174
0869
4134
5661
4377
4219
1178
4785
5754
3278
6406
8673
4291
3640
9288
0522
1342
4497
4364
2351
5511
6822
9756
2454
8464
2092
1551
1934
1442
5330
9570
6459
8238
4385
5458
1070
3848
8823
0384
8398
8811
6732
4203
5665
1750
9787
1126
8718
8484
2774
8386
8194
2992
9806
9672
2074
5194
2460
7079
3586
3538
0176
2102
3582
6380
8603
5652
2820
1167
6224
1127
3427
5369
5136
3257
0022
0184
2598
6323
1083
6476
7339
0408
1782
6420
5873
6431
3348
9803
3232
0660
1863
3529
1111
4116
4332
7683
8599
4348
1410
0032
8351
9889
2551
1330
2139
0726
8768
5045
2712
3561
8173
8140
3461
7129
4414
6961
7695
0004
2052
6890
0338
2200
5097
6678
7810
8232
5147
0436
5288
9749
3755
3390
5010
3149
2229
1207
0725
1352
4728
0035
3882
8514
4737
3753
8349
9097
9365
8793
4967
6712
3082
8141
1992
6531
1702
2967
8941
1008
4215
6970
7938
6102
0093
3577
5796
3192
4183
9262
0895
9236
7691
4837
8105
2939
1958
8299
0344
1253
9483
8746
6702
6815
0787
4524
6594
1695
3332
3852
8902
5431
1425
9775
0892
7783
5190
7452
9129
6931
6452
3061
9780
4456
0523
0375
6394
7834
7686
8756
7765
8401
0876
2636
9717
7340
2115
8644
4325
4903
4458
0267
0145
2013
9486
0239
5208
4686
7046
6526
4250
2715
1590
2547
8607
2399
1263
0736
5816
2830
1019
4644
5810
3066
1484
6907
4137
3902
0874
7645
1692
0291
3272
0383
1277
5704
5088
3251
4213
1558
2730
2801
4309
5594
6368
6862
9516
1757
5517
9891
4995
1441
5412
6108
1206
8955
1619
7987
3746
9873
7748
3084
0507
3081
7908
1755
7306
1160
0435
0764
4107
4530
6748
1658
3904
9384
2275
8724
5055
9256
9674
4182
6423
6382
8874
3571
6366
0570
7220
7017
4085
8632
0716
5760
1135
6489
2470
6969
4873
1284
6001
7962
7030
8036
2857
6846
6953
4899
2171
4356
7198
0471
3826
7120
9006
3048
6277
9514
6109
7495
2525
8022
3809
3196
8199
3556
8999
4498
3724
8609
3279
9906
5312
2466
4862
7528
9400
6170
2862
7116
9318
6638
1799
5556
3672
0877
0052
0070
1109
3894
7138
6134
9794
0441
1564
5394
4955
8791
6357
7450
8657
3012
7740
9791
7395
8266
8903
8867
8085
9587
6045
5489
1404
8738
7794
5471
1072
6348
3052
1085
9462
7906
2224
5078
6693
1005
9568
5902
7362
2134
0920
1310
5723
7231
2975
3814
4429
4128
9202
0314
8899
1545
7914
4114
3719
0966
6381
0563
5096
7074
8905
3314
9284
5737
5607
9725
1448
0745
3075
2238
4767
0403
4428
2021
3948
8991
1365
4118
4769
3523
8877
3565
8932
9141
0101
9228
3107
8225
4102
9881
8758
8540
2911
3129
8333
2511
3079
2905
9821
4533
9471
6726
3846
2819
8531
2840
2332
9706
6704
2151
1235
4144
4469
6963
4909
4881
0828
6104
4450
1295
7601
7676
0442
3498
4864
8175
7423
1156
9870
3668
0742
0658
5546
0853
9042
0230
7894
9789
2982
5903
0238
2397
2532
7133
7066
2802
6009
0792
7277
1723
4089
9740
7547
7075
8027
8095
8552
0192
7203
9984
3638
7680
1789
1367
2462
9247
3004
7381
9395
8345
2168
6413
3608
9521
9248
1283
8412
7344
1572
1194
4001
4868
7614
6675
5189
5864
1219
6226
5377
8325
8433
0067
6536
2512
5862
5577
3040
3891
5688
9187
9096
8543
5028
9048
9270
5033
2326
3685
6149
0094
3202
3828
8023
8270
6539
4233
2886
7468
5895
1721
4547
4141
0622
9366
4050
8901
3660
0746
5590
1122
7922
9838
9140
0485
5935
6004
3918
3954
1716
6329
6287
7049
1617
1500
3939
3096
5789
9716
7504
8302
4372
3270
3158
4886
0047
1544
5472
6879
8604
1683
1663
8788
5272
4396
3730
6622
5219
7620
8322
7930
5020
2584
9565
6013
6300
4519
9295
4518
8709
9477
5351
5736
1482
5503
9188
7275
1431
9151
9168
7671
3304
6604
4609
5026
4463
4987
6585
8329
1823
3220
3469
5332
0398
2896
4878
0586
6145
7291
2822
7144
8306
0813
8887
1981
9871
3875
3880
4246
1257
6441
8510
3641
3652
4359
6078
5177
1902
9530
2400
5479
1033
0949
7738
1417
3083
2459
3820
3901
4514
9613
2303
2863
8695
4288
4898
9194
6383
7830
9139
5671
2991
5385
6818
4839
4394
6888
2184
6393
5802
5514
9975
1810
1670
8809
5023
3909
6676
8870
1669
0044
6975
7064
6629
9604
3886
1348
3799
5553
7482
5738
9014
8468
5261
2871
5061
4999
0357
8992
3720
3750
5670
7511
0724
7023
4484
1039
6087
6091
8602
3972
9694
7635
4224
5859
6310
9761
0062
2302
8524
4020
1858
1164
7928
1604
3315
3711
1881
2644
5749
9600
8820
8090
0647
4943
6884
3885
9710
0525
1994
5986
7467
6810
2919
2060
7861
5507
0953
0125
5782
2321
3534
5052
4025
3835
1379
2666
8700
3322
2335
4573
9019
7543
2927
9860
0709
9482
0122
8264
1062
5358
6628
0737
2310
8260
4052
8108
1183
6775
1460
8228
0252
0608
3896
1333
1555
0890
8112
8317
7633
4376
0045
1622
0970
8110
4716
7982
3206
5429
7924
0068
8989
6034
3203
9960
6599
2416
4160
3761
4442
3247
1362
8235
2142
2283
9857
9601
4003
9463
8855
0818
9987
1453
3515
5094
2498
3126
2792
6112
4487
2649
4978
2617
9064
3629
9532
4214
5386
2108
7259
3989
3801
4048
4989
8580
1637
4335
3840
1872
6847
3679
1530
0905
8171
2772
7305
8519
1829
1509
2937
9540
0330
6214
1533
4271
6260
6242
3695
3624
5349
7544
2249
1900
3118
0613
2441
0087
2740
4577
0510
3936
3033
5274
4423
6443
2701
0336
0567
7332
0707
5367
3549
4787
0031
4791
1108
6254
3872
4775
0599
1762
0666
3464
1949
6742
7035
4676
0323
6059
0061
2545
1378
0609
2486
5947
8562
6365
0023
5428
4188
5119
5929
0505
5713
4230
2432
1356
1254
7040
7214
5678
1636
2439
1903
1492
0169
1697
7828
7036
6418
9862
4913
9994
2217
3888
8308
8771
6195
9596
3152
6437
8844
2554
3098
7850
6517
0438
6551
9385
5053
5596
1843
2940
6237
8873
4751
3261
2812
7875
9964
4389
1674
1327
6331
9898
7353
0030
3353
4714
8661
1456
7458
3221
4535
0536
1196
1827
2673
6773
5746
8799
8115
4327
9872
6534
5238
6968
1584
7025
9784
0028
1771
2576
0703
4802
1101
1130
6518
4445
1700
6133
4082
8688
0837
0213
4179
8396
4915
0033
6639
3288
6854
2678
0883
8311
5182
5708
4618
2008
8008
7769
4845
6667
5439
1906
5650
5709
7396
1153
0116
2429
2385
5044
2123
3292
2372
3207
7526
1368
5346
1438
0197
7673
0313
1798
9533
5263
6677
8076
2043
3489
3355
7447
7351
5792
2034
8387
5694
5340
0625
3329
0978
5739
0026
8682
1673
4369
8601
7375
1366
3378
8869
6432
5928
9285
9642
3316
8120
4850
4707
1550
0735
6788
9424
7692
1746
0991
1514
2559
1601
6106
5157
1570
8928
1922
2256
3017
7083
7570
2264
4689
9026
2723
6335
3950
8859
7187
1597
0691
3043
8075
8753
9293
3771
6347
5971
9260
2305
1868
4841
1188
0489
6558
7778
3615
4138
3087
3190
6370
6902
2202
7781
8565
7655
4115
2090
5482
4969
8940
1466
5770
1542
5240
9833
6920
6117
0228
7414
1202
6861
3227
1114
4192
3968
9073
8838
5308
6077
1991
9705
4551
3431
0675
8274
4226
8689
2180
3937
8501
4419
6094
5948
1920
7517
6037
8122
0974
8052
3301
3520
6685
7170
3599
8045
3259
6055
0332
3342
2284
6184
4045
4569
0653
8473
2827
0578
8142
9804
2995
0261
9023
0637
7501
5186
0911
7389
9041
0301
9391
9850
1657
6386
2688
9905
7095
9011
6825
1578
4543
7719
9639
2150
2586
5049
6305
4805
9036
2823
5223
6646
0760
9200
2076
1429
8136
5464
0463
5411
9162
9182
2791
2317
2748
4184
5972
6695
5117
7130
2681
8229
4570
7370
4523
8338
1641
9259
5604
6355
4742
4386
4563
6578
1434
1870
6805
4446
9047
2928
5373
4301
2293
0361
9077
7575
9312
9377
2031
9114
8271
4002
1575
8597
9697
8422
3343
7595
6511
9564
7726
7437
7885
2299
6988
3483
5744
4317
1294
7059
1473
9644
7571
0368
3365
0365
3996
9688
7037
9661
8178
4835
2845
5163
2591
2849
4439
3579
3671
0520
1582
5145
2353
2337
1932
4694
2277
0308
9179
6720
9608
1954
9196
4670
1781
0826
4021
4526
9158
2560
4065
5442
0474
6086
5981
9977
8710
2027
2949
6974
8381
0652
3726
4816
7654
5575
0634
3142
8931
3281
1842
6876
2422
4067
8393
3106
2537
1838
0063
0342
4289
8021
0397
9534
0705
7113
0193
5529
2242
1216
0012
8029
0160
0896
9508
0871
9548
5037
5344
9315
7753
7175
8581
7735
1852
4096
3244
7234
9874
3340
3547
7094
6673
4701
6150
1591
5121
3135
8203
3597
0710
1804
0065
5321
2244
6172
3550
1576
4997
4186
4919
6223
3044
0999
3180
7122
0849
9018
3715
6509
2652
0704
8336
7809
4556
7076
1523
7665
5253
4058
2467
7797
8813
9885
0470
5229
5686
4060
6230
6008
0757
8555
1774
3467
8453
5858
2640
7272
7681
2760
1638
7433
7992
7459
1793
8118
4825
2710
7747
0801
5698
0899
1210
9512
5766
1200
9324
0303
1936
0380
9053
7432
2442
8810
2662
1826
8326
5767
7115
5416
1256
0734
0544
6377
9684
2341
5114
0533
0310
3696
8227
7195
2453
2759
5286
0491
3437
5573
4054
4621
0424
6063
0589
7603
3732
3095
6807
0603
9692
9356
6572
6991
2418
9562
2146
3554
5973
2790
0981
2355
7674
1336
7789
1497
6477
0768
4883
2069
9762
7184
1446
4624
2572
2233
6768
7958
0262
7729
2699
8684
7393
2378
2117
8568
2114
0454
4053
4470
4143
4632
7926
5297
9070
7263
1449
5814
1001
6652
4434
7058
9124
1483
1633
1289
9594
3635
5270
9321
1825
4865
4227
9714
6561
0993
8280
6326
8444
3293
4074
8949
7534
5861
6190
5387
8675
9731
9429
7934
1400
6236
3682
7672
1311
8419
0644
7669
1288
6000
4567
7438
7972
8677
7874
0635
3857
3518
6352
3681
6814
7298
1187
0765
7221
4994
8967
3613
1681
2382
1895
6007
5817
8956
0050
0733
1841
3123
0848
6325
3717
9835
4157
7205
0670
4756
5643
0015
7331
9065
2784
2327
3508
4905
9302
9444
9572
4956
2226
7012
4495
4736
8937
7650
4015
7255
0499
4871
4822
9667
3952
9959
4695
9547
3710
4168
1401
8128
3364
5498
2906
9764
8385
3076
6249
3073
9392
6374
4657
6492
1709
0269
6438
3366
5925
2714
0100
5629
5457
9949
5549
8428
9940
2611
3125
6864
1758
2113
3406
5852
7626
9252
0493
2219
4952
6705
5571
3625
6654
4384
0681
0266
5419
5341
8357
2207
3951
0446
5129
8355
2546
5187
0299
3080
1024
0799
0318
7296
3379
4647
4207
9631
8086
0146
9991
1132
7270
3749
9068
1426
1938
5453
3687
7555
7421
4614
6937
1203
7208
4583
6967
3921
6546
8456
1278
0955
2523
2192
5225
3570
9485
0942
3384
4923
3973
4974
6075
3606
7359
4892
3376
6475
8516
1738
0273
3323
1123
3736
2540
4355
5878
2579
2036
0545
5842
7204
1105
3763
6480
5674
1017
2671
3132
0309
4936
6139
6321
2145
6312
2781
1553
6060
7849
8496
4139
2237
4399
3699
8876
0626
7420
8751
5834
3239
0673
8713
4854
6169
1640
0639
6319
3070
0638
4615
5379
3637
5896
7558
1232
5719
1237
7174
0236
0793
0369
1504
5215
5807
2742
7434
1720
6262
1159
1557
6215
2482
7790
5576
3856
5440
2875
5015
2188
0843
0778
3676
5005
7722
2510
4221
2813
7970
3539
1977
7317
8354
5966
0370
3617
7047
2085
6729
9134
5899
9440
6024
5496
8231
7004
2191
0300
7149
8111
5990
1412
2330
9768
5542
4603
0712
7388
9246
4278
9022
7864
5122
5705
0000
0945
7159
5401
6089
7294
7643
7961
3472
0692
0021
6981
6047
2300
7466
8839
6873
4167
5634
5435
6758
5923
9040
1713
7419
0464
5808
3874
1437
2287
9625
9401
2908
9341
9204
4411
7498
6071
5325
3249
8872
8208
8169
9840
6966
8183
6191
0353
4649
7492
1097
4047
5752
3285
8766
8511
2667
3121
0661
5211
5133
5799
3059
0738
0139
4732
1515
0569
0209
7379
8058
0124
2423
5612
4761
4966
8852
2867
3344
1611
8319
3273
4205
2922
0088
8895
9345
9623
0199
0627
3392
7998
3178
8439
4099
5865
9131
4554
5251
3922
8073
7002
9985
2386
6035
8633
6733
6520
3134
2897
9171
0325
2541
4946
5625
0210
3021
5882
5006
8170
6697
0915
7793
2570
9719
8324
9976
6751
3471
8440
8662
6606
6430
1737
1878
7283
1735
7967
0161
1718
7045
8707
9920
0134
2696
0393
1942
2986
2253
3401
6548
4602
4617
3230
5195
0140
1581
0453
6392
9263
6309
7341
4627
8687
5534
3165
1644
6828
4415
1585
5919
8672
8097
2346
1217
9659
0887
1987
2747
7080
7145
0127
9403
8792
1620
3620
1503
9779
8532
4910
8630
0306
5484
7784
8656
8368
7008
2452
9100
9805
6881
6918
3031
8668
9281
5742
7981
5794
2663
2752
2923
2506
8854
4388
6375
4658
1747
3838
5021
2835
4453
7258
3505
6816
7360
6977
5563
8234
1955
7838
7009
5641
8197
6749
8462
7312
6756
4202
3415
9121
6986
4726
9605
3757
3517
3713
5690
9085
4126
6739
5557
5282
4431
6608
4061
7657
6499
1822
9899
2793
5584
8919
0950
6159
8683
5921
7813
8446
4269
2376
9407
5654
3113
0884
9938
9753
9973
0668
5960
2577
8586
5637
3666
1887
9497
2007
4685
0278
9233
8482
5598
4133
1439
1037
2839
3568
7639
4637
5888
3628
0183
0980
9039
6978
1118
4264
1474
3389
9590
4916
9982
0443
9350
5993
9890
1056
1507
1770
8434
1380
9848
6213
9017
0600
9461
6941
2613
0407
5090
6700
5813
0347
6928
5144
3788
7276
6466
1281
6843
6178
9989
8201
9021
1166
0605
2098
5618
0294
1168
7980
5894
0179
3208
6944
5588
1867
3103
8219
1048
1990
9951
3116
0297
3965
3476
6273
3636
6979
4277
3047
9583
1025
9574
3655
7708
2618
8492
8621
3731
8490
2240
2165
1529
4723
4733
6524
8865
9198
5616
9671
6051
6996
0689
7274
5273
7392
9576
5824
2945
7148
3627
2147
6515
8819
4703
0276
7659
0927
1186
1974
3792
7866
2179
2265
9626
6340
4766
4026
5486
5366
2659
6658
4642
5154
7988
1744
0232
4964
8841
9892
1961
6421
4510
3161
2879
4834
8892
6238
9721
5954
2702
8436
6239
0074
5623
5877
8563
4029
5427
7788
2488
3204
2938
3001
2468
4249
5887
6469
0771
1323
7693
2484
6451
9830
5535
5633
7899
6633
7867
5505
5672
2655
9813
9399
3054
9510
0417
6868
3422
8521
8698
4339
7041
6502
8024
1185
8461
0767
5081
1866
2758
8006
8202
3297
0311
8445
5374
1099
2071
2344
5771
2625
1520
5466
4398
6464
2279
3701
5048
2920
1432
4600
4005
0275
8776
5946
7539
1457
6947
5056
4007
6655
4290
8353
6682
7152
1465
1745
8487
3987
4147
4505
0721
9060
5706
2296
3806
3357
8721
4158
4597
0701
8980
4260
7525
4492
6722
9627
4461
3999
8236
4310
7363
4619
5703
5605
5408
7001
8627
8926
2201
4280
1918
1447
8596
3168
4180
8884
3194
4900
5506
4895
4983
6411
2799
5663
7239
5275
6574
9095
5856
9599
2045
7651
3956
4795
1149
1205
0530
0878
0083
2503
6068
4917
7266
4894
2686
9815
4745
7640
4958
3971
2878
2973
7618
4438
4266
9388
6627
3834
0185
0055
1049
6268
3859
1628
4477
2458
6255
0797
2345
2152
7160
6772
6445
6455
6179
0104
2476
7512
5382
2826
5889
8583
1043
5848
7287
7314
1930
4031
4489
1785
9983
3225
7704
2952
7509
3632
5831
2255
5513
9478
7996
3813
4075
6637
4628
6871
6687
6645
6834
2556
8062
7072
7416
5720
8977
1791
1627
1361
3237
8845
5597
9877
9419
2480
8454
5130
9443
2016
8320
2295
9012
6761
5910
1684
1106
7154
0623
2900
1884
5599
7486
4361
4885
5600
2811
5904
2126
1430
2766
5685
9469
9867
7705
9701
2408
1420
5022
9935
0076
9219
2567
8362
9868
7869
1964
4599
7877
1073
9948
6616
2186
5461
6167
0082
6338
4267
8344
2621
9098
4162
4300
0997
9498
5822
8567
7746
8330
2595
5559
6523
0051
6987
8391
5617
1941
4927
9211
7892
5108
1355
6669
7946
3931
4717
8556
9571
7957
7304
5676
6446
4049
7209
1406
8125
4465
7564
7560
9939
8934
2932
1471
9195
4747
9396
3897
1011
3932
3811
7931
1338
0592
4435
0243
8904
3631
6998
4373
1340
5913
6126
6122
4347
2391
6099
6632
6995
3267
2789
0706
9101
5907
2954
3563
7307
4363
0462
3038
0162
5558
3100
2934
0948
7196
9338
2695
6543
7386
8350
6351
2800
3022
3074
5292
9358
8124
2764
3441
6010
7342
6090
7865
0274
5043
0216
5405
2038
4236
4608
5032
5101
7171
2050
1979
6689
2641
6379
0758
5395
8375
6584
6276
8850
9980
3037
2656
9555
3092
3282
9435
5876
2615
2384
6609
5462
8860
2313
3823
5763
3900
1314
6670
1373
3120
4746
3447
2278
9662
5937
5072
7453
1968
0359
8474
3994
3480
9680
9734
5126
3041
3623
1768
0540
2763
8166
7770
6501
1639
8343
3976
2668
0783
2562
8834
8263
6989
1659
0187
2189
6992
7503
5651
0806
5231
1616
9106
4154
3133
5793
6601
3325
0233
7520
8868
8296
6767
5849
0621
1626
2198
6497
3821
6429
8951
5635
7944
3456
2138
5697
7099
8297
1711
9133
0655
1252
3268
3522
6713
7507
4663
9955
1104
5930
8064
2543
1359
2501
1372
6741
1050
6244
5258
6017
8159
1469
3998
6367
3063
2457
1985
2676
4770
8614
4664
8655
3560
9332
0057
2162
1676
8512
5938
9737
8127
0360
8152
8936
8958
0982
2960
1800
8545
4545
6921
4306
7728
4971
3808
0616
2333
2472
0039
5071
9135
2062
4889
7600
6950
0541
9597
7622
8181
1988
3634
1808
4319
1440
3827
9808
9310
7678
1290
1213
9766
0789
0405
4582
9373
9080
0420
1908
7350
3669
7807
8913
3703
0488
9771
8879
9122
8190
3748
3008
1556
6064
6607
7668
6246
9657
8944
2563
8016
4123
5359
6069
4265
6155
8704
3233
6252
9616
8245
2837
6688
8390
7101
2581
9895
2234
7878
4780
8261
2235
0327
1489
9030
9055
8366
9490
7104
4858
4932
7667
2818
1491
2750
2635
1947
0066
9183
2505
0784
0739
1527
9610
9232
6293
6132
3593
1971
7997
1732
1390
0865
5679
2509
3728
5997
9025
3941
1069
6270
3614
7523
7985
1701
9333
6265
9807
1812
8922
7021
1606
1141
5058
3553
0998
1848
0694
3953
4297
3737
0182
1464
4152
9193
7496
5832
7500
6221
8253
1773
0037
9769
4672
2288
0546
6285
9824
9569
2236
7022
0477
6980
5912
9119
6826
2475
3712
5748
0585
2190
4531
7224
0577
0988
5778
2672
3077
0678
6261
6870
0138
7086
1117
5368
6962
5845
3727
1860
2933
7516
8812
6789
7856
2339
5393
8025
6495
4101
2449
7078
8890
7164
1324
8341
4225
9218
6415
2159
2718
1087
0296
9655
3766
7261
0221
9311
1661
7846
8039
7177
9612
6417
0515
6696
2778
3440
6043
6330
3458
7146
9306
2430
1927
4749
2881
6821
0449
2087
8801
0333
0751
0165
2684
6256
0231
5361
9998
5788
5204
7749
6066
0264
1685
4550
7751
0046
2082
6472
1389
5018
3069
8760
1154
8282
8427
7760
4407
1935
1766
5585
0708
8807
9760
7941
6471
9361
6187
4357
4273
9957
6932
4781
7768
2073
4812
7451
6062
5499
3099
7597
4827
8188
6913
7110
8576
4272
9520
7664
9730
7428
7461
2285
7448
6943
2682
4552
3807
0285
4673
5318
4341
0855
1383
9563
5255
9253
4891
6158
0538
5430
0486
2700
3243
4294
6372
4220
0763
4457
7299
5079
6274
4286
8542
4713
4196
8504
6247
7888
1463
0086
5645
4610
1018
4853
8966
1759
6914
3723
2425
8613
5008
8754
2084
7176
2654
3337
9997
2783
3147
5528
4948
3291
5295
5093
9278
2864
3493
7644
2091
8004
7330
4329
0921
3833
8117
8947
8814
6752
2627
7443
3215
2040
2307
7288
8964
5649
8491
4204
2788
2132
2608
8894
9559
3191
2880
2602
4173
8441
7282
7235
9397
8184
8971
6567
7679
6121
9394
0686
2129
1174
4090
2096
5246
0198
2610
0858
3019
5153
2749
3421
5866
4560
5630
7427
6731
2997
6336
5520
9112
9072
2883
0862
4843
9250
6865
0409
5481
2643
1873
0235
0932
8222
8606
9102
2389
1326
9736
3223
2141
1267
3321
0937
7841
5614
5732
1148
9823
4334
0203
4490
0550
3155
1042
0913
2989
7327
4555
2941
2020
9999
9864
6674
7103
0780
7071
2067
1454
4590
0402
6119
4270
7455
5074
1416
1923
4261
6020
9585
8394
3317
9354
7020
2713
5867
4763
4998
4684
2531
4004
5909
8103
4872
7127
0630
2342
0202
9434
3256
5970
7134
4739
2731
6707
3484
3622
4807
1472
8849
9501
0154
0286
8759
6123
2163
2336
2516
3698
3051
2496
6465
6718
6110
0461
7151
8983
2877
9185
4815
5988
2693
5589
0335
9230
5768
7137
7947
5572
3673
9988
0688
9239
0935
9800
4125
5168
5548
7405
7538
4169
8975
8467
0217
5579
6566
6151
7798
3604
6845
7835
6766
6211
8988
7969
4066
7887
6194
0663
5955
7372
6715
8907
7118
9210
4320
8770
3575
0817
5073
4352
8465
5203
4349
0106
9990
1121
8699
2320
8132
6690
4103
4502
7660
0802
3090
1725
4848
4238
2596
2959
6266
0254
0132
0289
1856
3231
1038
4036
1554
6192
4136
6619
6148
5606
9744
3830
1195
7003
6653
5989
3541
3990
3482
7675
0954
9051
6839
7716
9289
0374
5730
4366
3156
7848
9466
3974
1609
5084
4879
2882
0079
3153
8449
5191
4131
3166
0379
7677
0740
2786
7822
7871
4000
4920
7814
3580
5656
1853
6568
2895
1916
4828
3011
6527
5230
4454
6308
8715
3394
9165
5166
2524
6777
3643
7802
8138
5234
8250
8048
8972
1818
9900
0378
3454
9450
6345
2855
7212
0989
9887
6952
8463
8102
3335
9499
8020
5781
7150
9733
9066
2230
1519
3175
4177
7966
5311
0426
7933
7281
1029
2251
4426
1998
2359
8733
1522
6269
9163
7323
8620
1910
0642
2361
2961
9298
1699
5753
9507
3046
5987
6743
4091
5378
0611
1347
9061
8193
5438
2223
5176
9703
9767
0249
8864
9690
3015
9894
8985
2860
8798
3878
0977
4638
5172
3350
5192
2972
1364
5879
5304
9536
9346
0428
3791
4611
2530
6470
8595
2270
3398
4975
1654
1231
4416
2401
5917
3908
9221
4801
8767
5009
6395
6504
7610
0741
3645
0775
8680
7845
4933
5979
7173
8483
8359
1000
5815
0776
6659
2456
5281
5280
8973
9413
7044
9861
1032
0136
3157
8265
9130
3209
5922
7054
4784
4712
1068
6570
6337
5138
9496
8825
3306
8002
1562
9704
3630
5248
4592
5933
1717
1560
1057
6207
9913
4500
2178
4877
1163
8538
0270
7689
2533
0941
5926
0041
8600
1002
7084
6185
6251
7357
2294
6691
0465
0907
7324
0975
1749
2950
1790
7905
4970
9116
5544
8649
9127
3639
9669
6307
6053
4631
0943
8720
3016
7397
8373
5969
0903
8557
9355
5042
0587
3189
6200
7977
5433
6874
3745
7527
2803
9820
2948
2603
5502
7895
0827
9164
6694
4302
1707
5826
5400
3947
7493
0580
7216
4522
5150
1742
0933
2483
3855
6349
4274
9344
7687
8797
5197
3769
3122
1395
5348
0992
2421
9711
8539
7018
3064
5715
8995
7518
4093
5149
7537
5906
7188
4393
1894
7532
0468
4578
3590
4991
4630
6559
8262
1387
6424
2447
1007
7632
6450
6105
3658
8443
7105
2755
0539
5116
6706
4744
5047
1403
4254
5134
7469
4671
0219
8981
9752
2066
6556
8475
1113
3127
1374
4199
5942
7876
1268
8591
0951
8779
6097
5646
8915
6396
1693
9776
1960
9966
9801
5070
7508
4185
0147
1905
1911
8191
5853
3647
3642
5580
8639
5175
8397
4159
3865
5962
1332
8786
4019
0553
4549
2026
9043
7580
5202
3910
3309
1409
9335
2743
7909
2443
7723
1973
6275
4990
2274
8061
5201
0823
7821
9005
0346
7348
4326
1882
0167
4888
7398
2157
1803
3521
5762
3400
5710
7593
1761
3797
7425
1891
9560
5216
2915
7583
1014
2854
9024
4542
6576
7182
1836
4988
5260
8198
3014
5007
5409
7862
5389
4037
1061
9535
3139
3219
2058
9911
3374
7090
3298
0018
5294
0924
6487
6736
4400
6613
6234
4511
1756
9965
7932
2286
4068
6478
7563
7403
1023
6313
1301
7464
1610
0156
4459
0391
4817
6204
5402
1986
4678
2493
0930
5885
9774
0761
7412
8906
8049
2080
1102
7241
5493
2497
0820
1777
5224
6910
4360
1896
4380
0212
3375
2921
9319
7594
7029
3395
4926
8287
7489
4880
5017
7959
9741
1775
9002
3708
6735
9138
8735
2089
1667
1931
8794
7815
9265
8743
8031
7952
5441
6832
5951
5660
7898
7124
9691
1740
7400
2325
5490
4418
8914
6291
1897
6940
5445
4070
6198
5087
7882
2716
6486
0506
2528
1839
8846
9916
8878
2173
3602
6157
5839
4124
9035
4786
3616
4509
3338
7065
1452
9317
1161
3557
0016
3442
2035
3399
2538
2555
1975
9645
2304
0080
0831
9897
8179
6711
8893
4216
9273
8508
3188
7364
9617
9708
6799
0648
9231
1889
6506
2116
2833
8579
7267
6299
7870
4239
3065
8686
2427
1532
1354
4018
1899
2318
2412
4324
8126
4585
9958
9159
9637
9638
7010
4641
4949
1228
1092
2119
2705
5245
2719
0640
2809
1476
5905
0854
6463
2298
0040
6575
6042
4691
6829
3185
1993
8402
1077
0672
5775
8690
7984
9110
4976
8279
8310
6892
6765
0795
1517
1844
3649
8509
5135
5722
3284
3018
5277
9487
6835
2205
2267
3759
4444
5818
9417
3675
8898
6360
0043
8692
8611
4846
3319
6923
0861
9467
1115
0720
0643
0850
2291
8728
4977
3591
5167
8740
5693
3423
4113
1518
6314
9326
8312
9723
1984
9963
4525
0410
9079
4806
4198
9381
1953
8648
6588
3917
4863
1192
2817
0440
7446
3201
6294
6320
3438
0483
0552
4680
3443
3320
0904
6334
8093
0128
9799
1748
6959
0651
1779
4181
7554
9220
9909
0698
0298
7032
6419
9882
0024
5363
6904
9143
2222
4210
6882
5426
3445
0549
5467
3006
9577
6785
7948
9303
6841
2575
0362
3526
3488
4814
1171
0253
7936
4847
6107
8665
6924
5830
1269
4077
3214
3955
8091
1328
1450
1128
3747
4421
4918
6011
6092
9648
0551
6579
0099
2935
9888
4783
3253
4605
6919
8019
8185
5512
6592
4242
4682
4441
8030
5780
9376
0352
4055
4572
8671
8559
2063
6138
5337
8078
2815
9886
2909
5809
8891
8638
2918
8953
8653
9656
6897
7081
2107
0664
9225
1486
9455
1255
3793
0244
4661
8476
3308
1371
6640
4508
5812
0288
3163
7132
2086
1093
8272
4803
8189
6202
6641
5024
0856
3138
7823
0971
2053
1574
5957
7193
8186
1712
3386
3836
6883
7185
6555
6458
3359
2499
6823
2917
1727
5183
4251
4626
6324
2156
1802
6545
5977
4378
3967
2001
2590
3709
2832
2451
0543
8560
4773
2721
5241
7942
4962
4951
1886
8994
3963
6803
2853
4595
0743
6369
0875
5169
4351
2081
7913
3789
8150
2319
5619
1596
5968
4797
7278
8382
7166
4973
0058
6665
8164
8220
4954
7733
6562
5271
0153
0824
9549
3183
7376
2155
5586
3815
6316
4241
2739
9425
6794
7380
9351
6971
3349
1632
6217
4313
4028
1677
7917
7983
9045
1427
0229
8502
2870
9663
7756
9086
2744
7582
7139
4073
8573
8304
2362
8714
7858
5829
4010
6906
8612
9933
6356
2377
6093
1648
3893
1686
8099
6648
0348
7343
9291
4038
1879
3429
6371
0265
0498
7837
8470
4145
1671
6563
2131
0928
2821
0460
4190
0800
2409
3026
5621
2969
8251
0331
8209
3360
9524
9598
2536
8544
5568
4148
6498
9743
2757
1139
2727
0959
3873
8727
5806
5477
0069
8123
9643
7505
8925
3804
2028
9406
6137
0584
0624
8369
4823
4318
2842
3485
9981
8571
8080
3412
0084
6250
3957
2254
1859
0617
6183
7663
2106
7475
4629
1625
9243
9622
5956
4922
8800
4504
8038
9727
9883
7576
7236
9953
4793
5077
6389
0595
1892
4201
3716
7262
8054
2273
1214
9154
4646
5083
3905
5756
1124
4957
2981
7243
1901
6759
0480
2375
6976
2623
1937
3777
8927
6002
4448
8371
5148
6662
5193
5893
7178
0819
3397
2022
5764
1651
6623
2848
1329
2158
6614
0684
4986
0606
7696
9930
3876
9299
7013
5293
0293
3773
7442
7852
4283
3653
0191
2393
0151
6259
5102
3525
5465
0075
5206
4051
3924
6240
3025
9445
2208
9606
8313
4961
8276
9698
0388
8748
5554
1778
2646
7662
5795
7441
3657
0573
7811
1208
4980
9453
6427
8356
9474
9866
4112
4777
7968
1797
3944
1792
2243
7963
4507
4449
5653
7007
1538
8693
9008
3578
1645
4527
0430
5673
3023
7167
9825
7019
8149
4303
6248
8114
6460
3581
6027
8506
5509
0614
6507
5527
9109
0282
6630
2094
4693
6532
4651
2606
4764
3287
8196
3772
1078
4668
1613
4820
3667
3296
5731
8364
3173
1487
5820
7422
0968
0557
9437
2513
1181
3042
4293
6405
7577
2381
3991
2873
3381
9837
5680
2907
4240
8862
8851
5562
0394
6948
8340
7365
0451
7097
5220
2002
4852
9414
5480
0719
3491
5825
4343
4316
7843
4424
2455
3411
7890
0419
8935
9093
1505
2252
6350
9545
6152
3450
9636
5662
6118
1567
3333
9682
3733
2059
9539
8861
8829
8529
8863
8033
5403
4539
1303
9942
9411
9436
2322
6792
4371
7060
3128
0414
2030
2495
4930
4095
1943
5474
4262
4276
1467
8292
9778
7715
4033
6621
3960
5104
4965
0918
1624
6933
6056
6120
8472
7328
5143
6782
8376
2958
3226
5300
2637
7248
9416
1833
4474
1915
1177
8911
9810
3151
8207
9170
8278
5664
4174
6144
3514
3131
8109
6560
5284
7225
0343
7279
9255
9088
3499
9546
8950
2221
8984
7430
6146
8290
8702
8379
9323
1369
8423
7805
4166
2810
9607
1513
9331
3112
1940
4218
8678
5003
9952
6494
1854
3210
6025
3978
1528
0646
6620
2724
1909
3690
9371
3246
5250
0995
5041
8352
0929
2630
8882
4558
6984
0340
9666
2925
9788
5065
0986
6801
7521
1997
5080
4947
6764
9928
3216
0524
2828
6747
7085
6538
1959
5681
2944
0994
8406
2707
6454
7587
4765
0142
8822
9057
5098
2411
0803
6547
9176
7656
1066
0779
5296
8796
5301
6278
7820
1608
3141
4071
0696
0329
2661
3946
4206
3705
9347
5437
7737
0133
6885
9146
5911
5761
5642
0292
1086
5978
7605
7766
2380
0180
8908
1010
7685
5303
6468
5291
5456
9827
7641
5050
5307
8435
0295
7986
1411
2913
0559
2366
1691
5976
3494
9923
1173
3213
4187
0629
2055
9292
8335
3414
4100
8978
2522
8035
9016
5940
5289
8459
0242
6353
0501
4660
2431
6955
5365
4084
2677
1724
5198
7465
0091
7847
9602
4165
7581
4760
2851
9368
8681
2709
1304
8752
3576
9267
5356
8323
9428
2367
6303
7320
2276
7335
7937
6833
2110
3477
8669
6044
8965
2638
2387
9276
5850
4925
9566
3035
1341
6869
6597
7599
2568
9660
1094
6387
3845
5019
5790
3020
0729
7592
5916
7904
6333
0946
7743
1272
4390
0287
4379
7289
4568
4710
4935
3512
0479
7063
2650
0682
6095
4562
2888
6426
9214
1956
0496
6084
1499
4667
3174
8259
1351
4475
0976
0683
4759
5264
4581
5299
6322
4059
5399
8626
1030
3169
6880
9893
9212
7617
2622
3050
7881
8077
1719
4354
9646
7703
2009
0425
7033
2597
9269
8835
3702
9611
8730
4170
4406
7901
0108
0208
0056
7502
7565
5827
0452
2388
7077
8969
7155
3504
5837
1335
2651
2258
1543
9360
7557
3693
4813
3870
2838
0687
1392
8628
2133
0834
5924
5011
2785
7701
2257
5695
3694
4455
8079
0566
4149
6085
3408
3689
7087
5030
9834
0144
8885
5765
2324
3915
8416
3280
8725
7911
5434
3140
6582
0214
1849
7109
5564
1334
1730
6819
4344
6188
0620
8305
9362
0322
3283
2209
6671
3621
4129
8239
2109
0561
2260
2728
4092
4142
4471
5146
3068
4027
5783
8498
5774
3182
0960
5908
4674
7611
1131
1346
3714
0730
8254
4754
6031
4243
9327
4528
8314
3198
2844
9919
6280
9941
1209
8578
8361
5784
2125
2665
2203
0713
7268
5313
4790
2732
0054
7684
4127
9904
3034
2044
8257
1076
1138
2729
4596
7915
7818
5729
8778
1052
2414
7612
3919
5392
8575
9115
4248
1021
6241
2708
7624
5205
8574
1041
0386
2032
2614
3339
2402
6039
2675
6161
0302
4042
6483
5196
3417
3391
9798
0112
9582
1275
4287
4401
3566
8957
2120
7142
5914
5570
8395
1436
6857
1614
2485
3906
5029
5488
5522
1751
2137
1189
6404
2956
6951
4639
3889
1690
6790
3607
9342
6439
9430
1312
8277
8897
4255
9954
9878
1193
0339
6005
8244
1696
1045
0011
6581
8206
9339
5370
5881
6946
1419
1305
3143
3995
0490
7147
6586
3305
9515
3945
0059
4337
8480
5046
4575
1044
3572
3407
2054
9242
0728
3137
4285
4984
5485
9665
4013
3752
6668
8293
8065
6397
3503
1828
9330
8569
5750
9902
2605
4153
3670
0615
0500
3062
9340
4345
3334
4268
3240
9441
5797
7141
8268
7213
9448
0215
7366
8011
2984
3914
0967
9718
4851
1535
6175
9126
2542
3589
0255
5950
9268
1455
8546
2943
2446
6725
8289
1801
8777
8651
6081
9513
5847
4008
2199
0007
5334
4534
7056
8044
9492
0790
0305
7585
6710
0481
5302
5932
1407
6473
3245
9790
8107
9038
0373
6769
7439
4281
1197
6901
8815
0521
4968
8205
2097
7131
2669
7950
6233
8624
9111
9294
9912
4304
4809
8363
6750
3949
9044
7297
8438
7053
2373
6302
3923
0497
2250
7670
8420
9763
2477
4151
7918
0166
4292
3294
2963
4063
9313
2561
3093
0898
0466
8528
7089
0315
0897
2698
1989
2282
8785
3404
1767
8200
3071
2175
6414
1655
9812
4897
8286
2241
6540
3595
6332
8513
2357
8450
6519
6339
3497
4711
6708
9147
8089
4403
8298
1577
6210
3058
9197
1541
4829
1869
7337
4460
0762
8939
2193
3664
5106
7556
7761
9531
0702
5786
9456
1605
1672
3767
2930
6327
7293
0750
0111
5252
3002
0718
6177
8204
1236
2079
3831
9408
6863
5217
0891
9420
3432
7478
7772
8309
8106
5372
9484
1298
5160
1134
3448
0411
2912
1119
0095
4537
4395
6070
0662
0367
5342
3492
6802
3803
3060
9505
1688
7385
8641
5069
4275
8151
2420
5333
7237
2580
0152
6900
3536
9222
4719
5776
8388
5276
3413
6542
8248
9915
6072
0527
7572
4559
0755
9818
7803
8180
1309
4587
5884
6939
7964
4368
5538
0576
5120
9431
3013
3463
9523
7463
9529
6282
8156
2518
8365
1488
1415
9729
0679
6849
4724
1299
7140
9950
5659
2078
0010
9167
0641
7368
3264
6727
9173
9334
0602
0494
0259
0320
1788
6698
6550
3564
1734
6098
9937
9914
2735
7853
0392
5257
6533
7096
0157
9046
5470
8452
1966
9078
5687
8558
9509
5123
1817
1753
0685
5298
1241
4478
1656
6798
7300
2674
4681
5804
0406
1363
5410
9475
5142
9591
8507
9845
7542
9229
3500
5974
8816
3154
1445
4593
7757
0175
1921
3277
9678
2904
8384
3486
4098
8060
3680
8629
9226
5266
9274
6692
0196
5953
0697
4140
1618
2463
9852
9418
4718
6875
8847
2795
8623
1925
5773
9962
7436
4692
8696
1262
6610
1963
5491
3275
7401
3205
4557
2245
2247
1976
1546
0427
2966
6528
6140
5608
2263
8137
2169
9519
2593
4086
7027
9681
4491
4342
1321
9027
4529
5495
6716
9702
4869
0149
8961
6617
1679
9793
1158
2311
6925
9054
8070
2964
8389
8216
5539
7893
3751
6162
0744
5158
9494
3781
6836
2664
4890
8301
0456
4561
7808
6488
6858
5787
5236
4193
6958
6893
1423
6964
0901
4299
5068
2174
9224
4164
5089
6544
4279
6656
3184
4788
0396
4729
3367
1020
5228
4234
1003
6229
8615
9307
9713
3790
1729
0020
9746
7588
0909
2148
5451
8331
8063
0366
6442
9128
4030
8047
3913
3864
7217
9829
5448
8535
4861
7999
9726
5692
9271
6290
0925
6281
6557
9387
6012
2585
5036
4669
0833
0938
8781
2504
7245
7764
1176
1376
0447
1862
5243
8051
5483
6245
0798
0382
6101
5413
1855
4296
4119
6824
6343
2215
5700
2428
9650
8986
6982
1339
1388
3722
5227
2281
6181
6022
3942
8165
4648
5064
2647
0996
6124
3528
3197
2711
4700
7709
2392
1422
8400
8817
7806
6817
4740
8460
9190
0195
7627
3795
9758
7616
1501
5450
2130
7707
6778
6983
0732
6435
8321
4741
3825
7844
5510
1065
0518
7724
5846
5751
1736
8015
9370
1694
9336
6496
7648
3187
5244
8803
5152
0773
6541
7758
2996
9620
9320
7562
0517
0835
7260
0117
9931
5100
4308
6346
9169
6744
3868
6359
1635
8426
4228
7824
1357
1602
9432
0155
8592
8223
1204
6949
3928
7470
1016
1806
1190
2023
9148
6363
7114
1752
3725
0390
7286
7102
8889
4211
4734
1345
8493
2798
3089
3975
0222
0963
8059
3199
7767
9946
6019
8577
8383
5494
6635
7219
8378
4197
0439
2780
5515
5376
3704
1599
6481
3363
0148
2394
1840
9735
0880
4069
0926
6917
9209
5164
6046
9668
7825
2211
5076
9206
7702
2697
8005
9186
5721
3027
5057
9537
3842
3866
0548
1612
1508
8213
4462
6661
0387
8101
0113
9615
0531
7621
9786
6894
4939
9249
3605
1592
1917
0748
7163
9316
0431
0472
9836
4635
9995
6663
1568
7851
5283
9618
3851
6163
7939
7978
6030
8347
2679
5014
6595
7119
6598
8143
9283
9715
2751
5002
1221
0492
0158
6867
0247
8000
2181
2492
6354
4993
0581
7254
7604
2289
8522
9184
0680
1888
3393
9108
0808
8221
4009
4350
5583
4937
5306
0097
0418
7316
7714
0404
9526
1398
4006
8697
1201
1531
9457
6755
3356
6154
4417
5711
4774
9464
9664
5565
4934
6096
9405
5425
7615
4040
3980
5531
0882
4731
0596
4750
7290
6806
6908
1322
5407
4259
7694
0048
4859
2461
3369
8962
5174
4447
3559
6232
8144
6643
7584
7919
5478
2657
5249
4855
4541
8307
1286
0612
0098
7028
5415
9157
3881
5504
1428
4163
8240
6916
6049
5994
3176
3519
2000
8176
2261
7121
6378
2754
0207
6842
9629
9245
7091
8043
0281
6624
0089
2535
4520
3926
8410
8676
1264
5082
0092
7990
0814
2978
4425
8976
5800
8636
6205
1904
4677
9118
9389
8187
0519
5552
7546
8842
3959
9635
4208
7935
0337
3544
2515
7916
4175
9063
7265
1028
8495
3211
4200
9728
8618
9707
0115
2694
4494
3596
0547
8996
5140
4195
6364
9822
7426
0319
9223
7535
1285
9215
1287
8447
3986
3470
7608
5632
1079
4730
6930
0415
3734
9592
7240
5446
0957
6390
9670
4022
6812
7285
3495
5305
9921
4041
5436
8818
1320
2620
0445
5317
5519
8092
8104
7896
2266
9517
3057
4222
9375
5207
3796
6014
3072
7510
0006
3626
3985
2136
9579
2262
2487
9300
9841
5226
3588
0476
8414
9037
6724
2396
6271
4087
2037
4959
0508
7200
2807
4365
3478
3764
1137
5900
1136
7308
7960
2631
1004
6399
8827
9145
2767
0962
0025
0400
5350
2232
5683
9374
8674
5091
3785
5331
3824
6985
5329
2687
5755
4479
5620
8959
0956
6253
2048
0385
3877
2075
3558
7472
0796
0881
6657
6182
3697
2557
4715
8214
6186
7024
3193
5995
7631
1552
